0,421
0,420
0,419
0,418
0,417
0,416
0,415
0,414
0,413
0,412
0,411
0,410
0,409
0,408
0,407
0,406
0,405
0,404
0,403
0,402
0,401
0,400
0,399
0,398
0,397
0,396
0,395
0,394
0,393
0,392
0,391
0,390
0,389
0,388
0,387
0,386
0,385
0,384
0,319
23,52
23,51
23,50
23,49
23,48
23,47
23,46
23,45
23,44
23,43
23,42
23,41
23,40
23,39
23,38
23,37
23,36
23,35
0,318
0,317
0,316
0,273
0,270
26,4
26,3
26,2
26,1
26,0
0,283
25,3
25,2
25,1
25,0
24,4
24,3
24,2
0,9
24,1
24,0
3,2
10,68
10,202
10,184
10,2
10,3
11,4
11,6
11,8
11,2
11,3
9,6
9,4
9,2
9,3
8,5
8,8
8,6
8,2
8,3
12,2
12,1
12,3
11,29
11,28
11,27
11,26
11,25
11,24
11,23
11,22
11,21
11,1
11,20
10,313
10,312
10,311
10,310
10,309
10,308
10,307
10,306
10,305
10,304
10,303
10,302
10,301
10,300
10,299
